-4.18 -0.08
-3.68 0.02
-2.19 0.01
-0.20 0.00
1.32 0.01
2.82 0.00
3.82 -0.01
4.53 -0.26
4.87 -0.63
5.07 -1.09
5.08 -1.59
4.92 -2.06
4.60 -2.42
4.19 -2.68
3.11 -3.33
2.24 -3.84
1.58 -4.21
1.59 -5.94
2.47 -6.45
3.33 -6.96
3.76 -7.20
4.61 -7.74
5.02 -8.32
5.10 -8.82
4.99 -9.32
4.71 -9.73
4.31 -10.03
3.81 -10.14
2.82 -10.14
1.81 -10.15
0.81 -10.15
-0.70 -10.14
-1.68 -10.16
-2.68 -10.15
-3.69 -10.15
-4.19 -10.06
-4.62 -9.81
-4.92 -9.42
-5.05 -8.95
-5.06 -8.19
-5.07 -7.18
-5.06 -6.47
-5.06 -5.53
-5.07 -4.67
-5.06 -3.45
-5.06 -2.44
-5.06 -1.45
-5.05 -1.20
-4.92 -0.77
-1.24 -3.80
-1.79 -3.27
-2.49 -2.57
-3.20 -1.85
-3.73 -1.32
-4.34 -0.72
-4.60 -5.08
-3.58 -5.09
-2.58 -5.07
-1.83 -5.07
-0.67 -3.85
-0.23 -3.71
0.16 -3.70
0.52 -3.78
1.06 -4.15
1.36 -4.70
1.39 -4.94
1.41 -5.19
1.39 -5.36
1.00 -6.05
0.74 -6.26
0.33 -6.43
-0.12 -6.47
-0.48 -6.37
-0.93 -6.10
-1.17 -5.81
-1.32 -5.46
-1.34 -4.73
-1.29 -4.54
-1.19 -4.32

